1.165684890747070312e+02
-1.044629638671875000e+03
2.387572021484375000e+02
-2.402666320800781250e+02
2.408321838378906250e+02
-2.424829864501953125e+02
2.412862243652343750e+02
2.422498474121093750e+02
2.407212066650390625e+02
2.385446777343750000e+02
2.473311462402343750e+02
2.447514801025390625e+02
-2.392628936767578125e+02
2.449372253417968750e+02
2.401993255615234375e+02
2.427496643066406250e+02
2.444793853759765625e+02
2.432243347167968750e+02
2.368731689453125000e+02
2.440507965087890625e+02
2.400855560302734375e+02
2.424997711181640625e+02
-2.419807128906250000e+02
-1.042646484375000000e+03
1.134449768066406250e+02
-1.044003051757812500e+03
-1.043745727539062500e+03
-2.390753631591796875e+02
2.407347717285156250e+02
-2.444196472167968750e+02
2.439894714355468750e+02
-2.450707855224609375e+02
2.443532409667968750e+02
2.414823608398437500e+02
2.481947784423828125e+02
-2.430885925292968750e+02
2.409544982910156250e+02
-2.458625335693359375e+02
-2.398675994873046875e+02
2.397235717773437500e+02
-2.525486145019531250e+02
-2.465914154052734375e+02
2.474431762695312500e+02
2.467191162109375000e+02
-2.476211090087890625e+02
2.443096313476562500e+02
-2.449355010986328125e+02
-2.421407012939453125e+02
-1.054489013671875000e+03
1.151386108398437500e+02
1.154278945922851562e+02
-1.044161499023437500e+03
7.251459960937500000e+03
2.449660034179687500e+02
-2.432770843505859375e+02
-2.482288208007812500e+02
-2.427738494873046875e+02
2.435161590576171875e+02
2.472579803466796875e+02
-2.408798217773437500e+02
2.451417083740234375e+02
-2.440766906738281250e+02
-2.428288421630859375e+02
-2.461573486328125000e+02
2.476314392089843750e+02
2.398676910400390625e+02
2.406661987304687500e+02
2.425247955322265625e+02
2.441139831542968750e+02
2.431449432373046875e+02
-2.389423828125000000e+02
2.385922088623046875e+02
2.483000946044921875e+02
-1.052361328125000000e+03
-1.045188720703125000e+03
1.167632598876953125e+02
1.183434906005859375e+02
7.143048339843750000e+03
2.404283752441406250e+02
-2.483037261962890625e+02
-2.435032806396484375e+02
-2.408828125000000000e+02
2.462241058349609375e+02
-2.460948944091796875e+02
-2.436327362060546875e+02
2.432336120605468750e+02
2.433940124511718750e+02
2.446349029541015625e+02
2.469181976318359375e+02
2.406048736572265625e+02
-2.444683532714843750e+02
-2.437488098144531250e+02
2.428626556396484375e+02
2.429501647949218750e+02
2.403768310546875000e+02
-2.407752838134765625e+02
2.442986602783203125e+02
-2.424808654785156250e+02
1.202430648803710938e+02
-1.046271972656250000e+03
-1.048663940429687500e+03
-1.046736450195312500e+03
7.247142578125000000e+03
-2.391693267822265625e+02
2.453038635253906250e+02
2.408496856689453125e+02
2.385271301269531250e+02
-2.455108795166015625e+02
-2.444182891845703125e+02
-2.469890899658203125e+02
2.407010650634765625e+02
2.495683441162109375e+02
2.461668090820312500e+02
-2.420282135009765625e+02
-2.406396636962890625e+02
2.429560546875000000e+02
-2.426732177734375000e+02
-2.461565551757812500e+02
2.405331726074218750e+02
2.505516967773437500e+02
2.423510131835937500e+02
-2.387021331787109375e+02
-2.407828521728515625e+02
-1.043811645507812500e+03
1.167439193725585938e+02
1.157607345581054688e+02
-1.044334716796875000e+03
7.247699218750000000e+03
2.404405822753906250e+02
2.411410369873046875e+02
-2.417379913330078125e+02
2.477472686767578125e+02
2.420167083740234375e+02
-2.462944488525390625e+02
2.399522094726562500e+02
-2.418618316650390625e+02
-2.447017059326171875e+02
-2.468337860107421875e+02
-2.506316070556640625e+02
2.469433288574218750e+02
-2.455131072998046875e+02
-2.419080200195312500e+02
2.419476470947265625e+02
2.429637298583984375e+02
-2.397814178466796875e+02
-2.504078521728515625e+02
2.451845092773437500e+02
-2.423759613037109375e+02
-1.046400268554687500e+03
-1.055241821289062500e+03
1.197942276000976562e+02
1.194831085205078125e+02
7.246362792968750000e+03
-2.339302520751953125e+02
-2.423904571533203125e+02
2.432573242187500000e+02
-2.432865295410156250e+02
2.395627593994140625e+02
-2.412236022949218750e+02
2.459581451416015625e+02
2.404176177978515625e+02
-2.484954376220703125e+02
2.499710540771484375e+02
2.408922576904296875e+02
2.403117828369140625e+02
-2.398397369384765625e+02
2.485662994384765625e+02
2.424288177490234375e+02
-2.447854003906250000e+02
2.373894653320312500e+02
2.445156860351562500e+02
2.416343994140625000e+02
-2.492943420410156250e+02
1.181260986328125000e+02
-1.043306274414062500e+03
1.190585937500000000e+02
1.174099044799804688e+02
7.139875488281250000e+03
-2.391238250732421875e+02
2.446996612548828125e+02
-2.455153350830078125e+02
2.438015289306640625e+02
2.456705474853515625e+02
-2.448300018310546875e+02
-2.435812988281250000e+02
-2.427542114257812500e+02
-2.479927215576171875e+02
2.443822631835937500e+02
2.443549346923828125e+02
2.397477722167968750e+02
2.444270629882812500e+02
-2.465498352050781250e+02
-2.429414978027343750e+02
-2.432028198242187500e+02
2.389527740478515625e+02
-2.484686126708984375e+02
-2.473502502441406250e+02
2.454368743896484375e+02
1.178293533325195312e+02
1.182103118896484375e+02
-1.043819824218750000e+03
1.195639190673828125e+02
7.142079589843750000e+03
2.420230865478515625e+02
2.470431518554687500e+02
2.406887512207031250e+02
-2.449530944824218750e+02
-2.461935577392578125e+02
-2.412512512207031250e+02
2.449829711914062500e+02
2.426321563720703125e+02
2.419014587402343750e+02
2.397184295654296875e+02
-2.430635070800781250e+02
-2.519887237548828125e+02
-2.457039184570312500e+02
-2.462218170166015625e+02
-2.456163482666015625e+02
-2.362254791259765625e+02
-2.470814361572265625e+02
-2.411975402832031250e+02
-2.419877166748046875e+02
2.392599182128906250e+02
1.180138015747070312e+02
-1.048440551757812500e+03
-1.042102783203125000e+03
1.165966949462890625e+02
7.141374511718750000e+03
-2.392310943603515625e+02
2.455830078125000000e+02
-2.448898010253906250e+02
2.439573669433593750e+02
2.410863952636718750e+02
2.433123168945312500e+02
2.450864562988281250e+02
2.456091308593750000e+02
2.502412872314453125e+02
-2.425323791503906250e+02
-2.447331695556640625e+02
-2.406090545654296875e+02
-2.468075714111328125e+02
-2.381695404052734375e+02
-2.470617218017578125e+02
-2.426534881591796875e+02
-2.455311279296875000e+02
2.427239990234375000e+02
-2.387830047607421875e+02
2.463253631591796875e+02
1.189055175781250000e+02
1.188487014770507812e+02
-1.065334106445312500e+03
-1.042464111328125000e+03
7.249336914062500000e+03
2.482947845458984375e+02
-2.452367553710937500e+02
-2.448425598144531250e+02
2.482371215820312500e+02
2.417936248779296875e+02
-2.483119354248046875e+02
2.413964233398437500e+02
-2.459503936767578125e+02
-2.454770202636718750e+02
-2.390644989013671875e+02
2.451083526611328125e+02
-2.518880462646484375e+02
2.406572875976562500e+02
-2.496426544189453125e+02
-2.392161712646484375e+02
-2.444732208251953125e+02
-2.483559722900390625e+02
2.406590881347656250e+02
2.420310821533203125e+02
-2.430147552490234375e+02
1.187961654663085938e+02
-1.062891967773437500e+03
-1.044890502929687500e+03
-1.046258666992187500e+03
7.153971679687500000e+03
2.397327270507812500e+02
2.445491943359375000e+02
-2.398425140380859375e+02
-2.412491455078125000e+02
2.469731445312500000e+02
2.438627319335937500e+02
2.473394775390625000e+02
-2.404070129394531250e+02
2.461191406250000000e+02
-2.441512451171875000e+02
2.365877990722656250e+02
-2.428035736083984375e+02
2.473391876220703125e+02
2.397384948730468750e+02
-2.443456268310546875e+02
-2.509578399658203125e+02
-2.468449707031250000e+02
-2.406483612060546875e+02
-2.412032165527343750e+02
2.386362152099609375e+02
1.100075836181640625e+02
-1.044411132812500000e+03
-1.047546386718750000e+03
-1.043406005859375000e+03
2.441474761962890625e+02
7.141871582031250000e+03
2.424830169677734375e+02
2.470715942382812500e+02
-2.476255493164062500e+02
-2.398865966796875000e+02
-2.479416351318359375e+02
2.453274841308593750e+02
2.452645568847656250e+02
2.465307159423828125e+02
-2.447326965332031250e+02
-2.474045715332031250e+02
-2.443738555908203125e+02
2.472392272949218750e+02
2.449070739746093750e+02
2.454881286621093750e+02
-2.444176177978515625e+02
-2.429788818359375000e+02
2.429299774169921875e+02
-2.434117584228515625e+02
-2.444093780517578125e+02
-1.043851562500000000e+03
1.190280075073242188e+02
-1.048719482421875000e+03
1.207269058227539062e+02
2.397400054931640625e+02
7.138541015625000000e+03
-2.427799072265625000e+02
-2.442926483154296875e+02
-2.461027679443359375e+02
-2.439267272949218750e+02
-2.403805541992187500e+02
2.416843109130859375e+02
2.433600921630859375e+02
-2.466435394287109375e+02
-2.414246063232421875e+02
-2.416730651855468750e+02
2.468382873535156250e+02
2.397889404296875000e+02
-2.480606079101562500e+02
-2.408724517822265625e+02
2.454150543212890625e+02
2.430877532958984375e+02
-2.446061553955078125e+02
-2.421093902587890625e+02
2.365535888671875000e+02
1.190084075927734375e+02
1.104495468139648438e+02
1.158939437866210938e+02
1.206443862915039062e+02
-2.464024505615234375e+02
2.377995758056640625e+02
-2.489935913085937500e+02
-2.432427673339843750e+02
2.440660247802734375e+02
-2.488118743896484375e+02
2.379011535644531250e+02
2.468012390136718750e+02
-2.438793182373046875e+02
2.429462585449218750e+02
2.408261108398437500e+02
2.381434783935546875e+02
2.431007690429687500e+02
2.382242126464843750e+02
-2.446563720703125000e+02
2.439011230468750000e+02
-2.412232818603515625e+02
-2.456956329345703125e+02
2.398158111572265625e+02
2.398531799316406250e+02
2.422921295166015625e+02
1.150914764404296875e+02
1.198770980834960938e+02
-1.044116210937500000e+03
1.181906127929687500e+02
-1.046746337890625000e+03
-1.043050537109375000e+03
1.202012786865234375e+02
-1.049292114257812500e+03
-2.410418395996093750e+02
2.431367797851562500e+02
-2.448559722900390625e+02
-2.445602569580078125e+02
2.482260131835937500e+02
2.419164428710937500e+02
2.447866668701171875e+02
-2.401083221435546875e+02
2.446653137207031250e+02
2.452480621337890625e+02
-2.481033782958984375e+02
2.452963409423828125e+02
2.409942779541015625e+02
2.423184204101562500e+02
2.491226196289062500e+02
2.402833404541015625e+02
2.396060638427734375e+02
-1.054955688476562500e+03
-1.047070922851562500e+03
1.201360244750976562e+02
-1.061222778320312500e+03
1.159656143188476562e+02
-1.042610351562500000e+03
-1.045453979492187500e+03
1.182348098754882812e+02
1.162811660766601562e+02
1.187433929443359375e+02
1.161991424560546875e+02
1.146753997802734375e+02
1.196674041748046875e+02
-1.049928588867187500e+03
-1.042663940429687500e+03
-1.046416015625000000e+03
-2.427068481445312500e+02
2.411321716308593750e+02
2.500319671630859375e+02
-2.423266296386718750e+02
2.441539916992187500e+02
2.416413421630859375e+02
-2.464571075439453125e+02
2.457154541015625000e+02
2.446163024902343750e+02
1.170729904174804688e+02
1.189219512939453125e+02
-1.049665405273437500e+03
-1.039758422851562500e+03
-1.042142333984375000e+03
1.206498565673828125e+02
-1.051793945312500000e+03
-1.043638305664062500e+03
-1.044758666992187500e+03
1.189951705932617188e+02
1.133514328002929688e+02
1.189249725341796875e+02
1.191816558837890625e+02
-1.050065551757812500e+03
-1.043737426757812500e+03
1.197897033691406250e+02
-2.480600738525390625e+02
2.473046569824218750e+02
-2.426055450439453125e+02
2.437123870849609375e+02
2.437775726318359375e+02
2.478353424072265625e+02
2.474450225830078125e+02
-2.442269592285156250e+02
-2.406834564208984375e+02
-1.048077270507812500e+03
-1.044269042968750000e+03
-1.046561401367187500e+03
1.123858566284179688e+02
-1.053097778320312500e+03
-1.043224365234375000e+03
1.201675262451171875e+02
-1.063405151367187500e+03
-1.046005737304687500e+03
-1.044898071289062500e+03
-1.045765991210937500e+03
-1.044437255859375000e+03
-1.043376342773437500e+03
-1.043960693359375000e+03
1.107185821533203125e+02
-1.043299926757812500e+03
2.435536956787109375e+02
-2.453121948242187500e+02
2.500980987548828125e+02
2.445339965820312500e+02
-2.450032196044921875e+02
-2.430676879882812500e+02
2.417534027099609375e+02
-2.434295806884765625e+02
-2.425527343750000000e+02
-1.044409179687500000e+03
1.190126113891601562e+02
1.176501083374023438e+02
-1.074621948242187500e+03
-1.043128417968750000e+03
-1.045046142578125000e+03
1.175227584838867188e+02
-1.042582275390625000e+03
-1.042317626953125000e+03
-1.046470703125000000e+03
-1.064542480468750000e+03
1.088981781005859375e+02
1.187838439941406250e+02
1.193813629150390625e+02
-1.045435668945312500e+03
-1.043686523437500000e+03
-2.427294616699218750e+02
2.401047363281250000e+02
-2.385820617675781250e+02
-2.499140319824218750e+02
-2.419781951904296875e+02
-2.471402740478515625e+02
-2.501572875976562500e+02
2.497053375244140625e+02
2.382575073242187500e+02
-1.044090209960937500e+03
-1.044441284179687500e+03
1.180018386840820312e+02
-1.045808959960937500e+03
-1.046452148437500000e+03
1.140470504760742188e+02
1.121870117187500000e+02
1.200696792602539062e+02
-1.044283325195312500e+03
-1.054226684570312500e+03
-1.043755859375000000e+03
1.172941360473632812e+02
-1.041898193359375000e+03
-1.042856567382812500e+03
-1.042402832031250000e+03
-1.041293457031250000e+03
2.490308227539062500e+02
2.437087097167968750e+02
-2.431923065185546875e+02
-2.440543823242187500e+02
2.480875091552734375e+02
-2.457429504394531250e+02
2.476657409667968750e+02
-2.416183929443359375e+02
2.417281494140625000e+02
-1.042747558593750000e+03
1.175314025878906250e+02
1.179304351806640625e+02
1.175167465209960938e+02
-1.040660034179687500e+03
-1.042955078125000000e+03
1.163428955078125000e+02
-1.042535400390625000e+03
-1.042937133789062500e+03
-1.043588989257812500e+03
-1.042443725585937500e+03
-1.045410034179687500e+03
1.205912170410156250e+02
1.194123916625976562e+02
1.170738372802734375e+02
1.151264266967773438e+02
-1.049707763671875000e+03
1.200011901855468750e+02
1.189729690551757812e+02
1.196981124877929688e+02
2.463369598388671875e+02
2.454107055664062500e+02
-2.507315216064453125e+02
-2.409466857910156250e+02
-2.476423797607421875e+02
1.077976608276367188e+02
1.202304611206054688e+02
1.178961181640625000e+02
-1.042561157226562500e+03
-1.043555786132812500e+03
-1.043756347656250000e+03
-1.043014038085937500e+03
1.151193084716796875e+02
1.122497024536132812e+02
1.187568511962890625e+02
-1.047286132812500000e+03
-1.052968505859375000e+03
-1.041857177734375000e+03
1.170325393676757812e+02
1.219385375976562500e+02
1.129317321777343750e+02
1.155103225708007812e+02
-1.041584228515625000e+03
1.204468612670898438e+02
1.202129745483398438e+02
-2.448210296630859375e+02
2.404883575439453125e+02
2.424066772460937500e+02
-2.387305297851562500e+02
-2.387626647949218750e+02
-1.048166748046875000e+03
1.145269699096679688e+02
1.174966049194335938e+02
1.184637374877929688e+02
1.149008026123046875e+02
-1.051006347656250000e+03
-1.046665771484375000e+03
1.198274612426757812e+02
-1.041807983398437500e+03
1.170115966796875000e+02
1.143351974487304688e+02
-1.043969848632812500e+03
1.192861785888671875e+02
1.147180328369140625e+02
1.175202865600585938e+02
1.208369827270507812e+02
-1.045935302734375000e+03
-1.043813476562500000e+03
-1.055354003906250000e+03
-1.059204711914062500e+03
-2.419406738281250000e+02
-2.408838958740234375e+02
2.418029479980468750e+02
2.457395477294921875e+02
2.462805938720703125e+02
-1.040525024414062500e+03
-1.039915893554687500e+03
1.198200607299804688e+02
-1.045452026367187500e+03
1.177920684814453125e+02
1.187025985717773438e+02
-1.058704956054687500e+03
1.193333358764648438e+02
-1.044420043945312500e+03
1.202262191772460938e+02
-1.048055175781250000e+03
-1.049530883789062500e+03
1.201985015869140625e+02
1.216190567016601562e+02
1.112920684814453125e+02
-1.042822998046875000e+03
-1.042882934570312500e+03
1.088088607788085938e+02
-1.041238159179687500e+03
1.163926010131835938e+02
2.416146392822265625e+02
-2.406881256103515625e+02
2.456080017089843750e+02
-2.417759246826171875e+02
2.427744903564453125e+02
-1.048061279296875000e+03
1.060093460083007812e+02
